{"extrinsics": [[[0.0, 1.0, -0.0, -0.0], [-0.0, 0.0, -1.0, -0.0], [-1.0, 0.0, 0.0, -0.0], [0.0, 0.0, 0.0, 1.0]], [[0.0, 1.0, -0.0, -0.0], [-0.4472135901451111, 0.0, -0.8944271802902222, -0.0], [-0.8944271802902222, 0.0, 0.4472135901451111, -0.0], [0.0, 0.0, 0.0, 1.0]], [[0.0, 1.0, -0.0, -0.0], [0.4472135901451111, -0.0, -0.8944271802902222, -0.0], [-0.8944271802902222, 0.0, -0.4472135901451111, -0.0], [0.0, 0.0, 0.0, 1.0]], [[0.6427876353263855, 0.7660444378852844, -0.0, -0.0], [-0.0, 0.0, -1.0, -0.0], [-0.7660444378852844, 0.6427876353263855, 0.0, -0.0], [0.0, 0.0, 0.0, 1.0]], [[0.9848077893257141, 0.1736481934785843, -0.0, -0.0], [-0.0, 0.0, -1.0, -0.0], [-0.1736481934785843, 0.9848077893257141, 0.0, -0.0], [0.0, 0.0, 0.0, 1.0]], [[0.8660253882408142, -0.5, 0.0, -0.0], [0.0, 0.0, -1.0, -0.0], [0.5, 0.8660253882408142, 0.0, -0.0], [0.0, 0.0, 0.0, 1.0]], [[0.3420201539993286, -0.9396926164627075, 0.0, -0.0], [0.0, 0.0, -1.0, -0.0], [0.9396926164627075, 0.3420201539993286, 0.0, -0.0], [0.0, 0.0, 0.0, 1.0]], [[-0.3420201539993286, -0.9396926164627075, 0.0, -0.0], [0.0, -0.0, -1.0, -0.0], [0.9396926164627075, -0.3420201539993286, 0.0, -0.0], [0.0, 0.0, 0.0, 1.0]], [[-0.8660253882408142, -0.5, 0.0, -0.0], [0.0, -0.0, -1.0, -0.0], [0.5, -0.8660253882408142, 0.0, -0.0], [0.0, 0.0, 0.0, 1.0]], [[-0.9848077893257141, 0.1736481934785843, 0.0, -0.0], [-0.0, 0.0, -1.0, -0.0], [-0.1736481934785843, -0.9848077893257141, 0.0, -0.0], [0.0, 0.0, 0.0, 1.0]], [[-0.6427876353263855, 0.7660444378852844, 0.0, -0.0], [-0.0, 0.0, -1.0, -0.0], [-0.7660444378852844, -0.6427876353263855, 0.0, -0.0], [0.0, 0.0, 0.0, 1.0]], [[0.6427876353263855, 0.7660444378852844, -0.0, -0.0], [-0.3425854742527008, 0.28746336698532104, -0.8944271802902222, -0.0], [-0.6851709485054016, 0.5749267339706421, 0.4472135901451111, -0.0], [0.0, 0.0, 0.0, 1.0]], [[0.9848077893257141, 0.1736481934785843, -0.0, -0.0], [-0.07765783369541168, 0.44041943550109863, -0.8944272398948669, -0.0], [-0.15531565248966217, 0.8808388113975525, 0.4472135901451111, -0.0], [0.0, 0.0, 0.0, 1.0]], [[0.8660253882408142, -0.5, 0.0, -0.0], [0.22360679507255554, 0.3872983157634735, -0.8944271802902222, -0.0], [0.4472135901451111, 0.774596631526947, 0.4472135901451111, -0.0], [0.0, 0.0, 0.0, 1.0]], [[0.3420201539993286, -0.9396926164627075, 0.0, -0.0], [0.4202432930469513, 0.1529560536146164, -0.8944271802902222, -0.0], [0.8404865860939026, 0.3059121072292328, 0.4472135901451111, -0.0], [0.0, 0.0, 0.0, 1.0]], [[-0.3420201539993286, -0.9396926164627075, 0.0, -0.0], [0.4202432930469513, -0.1529560536146164, -0.8944271802902222, -0.0], [0.8404865860939026, -0.3059121072292328, 0.4472135901451111, -0.0], [0.0, 0.0, 0.0, 1.0]], [[-0.8660253882408142, -0.5, 0.0, -0.0], [0.22360679507255554, -0.3872983157634735, -0.8944271802902222, -0.0], [0.4472135901451111, -0.774596631526947, 0.4472135901451111, -0.0], [0.0, 0.0, 0.0, 1.0]], [[-0.9848077893257141, 0.1736481934785843, 0.0, -0.0], [-0.07765783369541168, -0.44041943550109863, -0.8944272398948669, -0.0], [-0.15531565248966217, -0.8808388113975525, 0.4472135901451111, -0.0], [0.0, 0.0, 0.0, 1.0]], [[-0.6427876353263855, 0.7660444378852844, 0.0, -0.0], [-0.3425854742527008, -0.28746336698532104, -0.8944271802902222, -0.0], [-0.6851709485054016, -0.5749267339706421, 0.4472135901451111, -0.0], [0.0, 0.0, 0.0, 1.0]], [[0.6427876353263855, 0.7660444378852844, -0.0, -0.0], [0.3425854742527008, -0.28746336698532104, -0.8944271802902222, -0.0], [-0.6851709485054016, 0.5749267339706421, -0.4472135901451111, -0.0], [0.0, 0.0, 0.0, 1.0]], [[0.9848077893257141, 0.1736481934785843, -0.0, -0.0], [0.07765783369541168, -0.44041943550109863, -0.8944272398948669, -0.0], [-0.15531565248966217, 0.8808388113975525, -0.4472135901451111, -0.0], [0.0, 0.0, 0.0, 1.0]], [[0.8660253882408142, -0.5, 0.0, -0.0], [-0.22360679507255554, -0.3872983157634735, -0.8944271802902222, -0.0], [0.4472135901451111, 0.774596631526947, -0.4472135901451111, -0.0], [0.0, 0.0, 0.0, 1.0]], [[0.3420201539993286, -0.9396926164627075, 0.0, -0.0], [-0.4202432930469513, -0.1529560536146164, -0.8944271802902222, -0.0], [0.8404865860939026, 0.3059121072292328, -0.4472135901451111, -0.0], [0.0, 0.0, 0.0, 1.0]], [[-0.3420201539993286, -0.9396926164627075, 0.0, -0.0], [-0.4202432930469513, 0.1529560536146164, -0.8944271802902222, -0.0], [0.8404865860939026, -0.3059121072292328, -0.4472135901451111, -0.0], [0.0, 0.0, 0.0, 1.0]], [[-0.8660253882408142, -0.5, 0.0, -0.0], [-0.22360679507255554, 0.3872983157634735, -0.8944271802902222, -0.0], [0.4472135901451111, -0.774596631526947, -0.4472135901451111, -0.0], [0.0, 0.0, 0.0, 1.0]], [[-0.9848077893257141, 0.1736481934785843, 0.0, -0.0], [0.07765783369541168, 0.44041943550109863, -0.8944272398948669, -0.0], [-0.15531565248966217, -0.8808388113975525, -0.4472135901451111, -0.0], [0.0, 0.0, 0.0, 1.0]], [[-0.6427876353263855, 0.7660444378852844, 0.0, -0.0], [0.3425854742527008, 0.28746336698532104, -0.8944271802902222, -0.0], [-0.6851709485054016, -0.5749267339706421, -0.4472135901451111, -0.0], [0.0, 0.0, 0.0, 1.0]], [[-0.14823995530605316, 0.9889513850212097, 0.0, -0.004108060616999865], [-0.0, -0.0, -1.0, -0.0], [-0.9889513850212097, -0.14823995530605316, -0.0, -0.33758294582366943], [0.0, 0.0, 0.0, 1.0]], [[-0.1610107123851776, 0.9869526624679565, 0.0, -0.010160977952182293], [-0.0, -0.0, -1.0, -0.0], [-0.9869526624679565, -0.1610107123851776, -0.0, -0.6751134395599365], [0.0, 0.0, 0.0, 1.0]], [[-0.15964750945568085, 0.9871740937232971, 0.0, -0.008503641001880169], [-0.0, -0.0, -1.0, -0.0], [-0.9871740937232971, -0.15964750945568085, -0.0, -1.012744426727295], [0.0, 0.0, 0.0, 1.0]], [[-0.14413177967071533, 0.9895584583282471, 0.0, 0.010537734255194664], [-0.0, -0.0, -1.0, -0.0], [-0.9895584583282471, -0.14413177967071533, -0.0, -1.350353479385376], [0.0, 0.0, 0.0, 1.0]], [[-0.12586484849452972, 0.9920474290847778, 0.0, 0.03768376260995865], [-0.0, -0.0, -1.0, -0.0], [-0.9920474290847778, -0.12586484849452972, -0.0, -1.5749942064285278], [0.0, 0.0, 0.0, 1.0]], [[-0.10122687369585037, 0.9948633313179016, 0.0, 0.07969554513692856], [-0.0, -0.0, -1.0, -0.0], [-0.9948633313179016, -0.10122687369585037, -0.0, -1.7986290454864502], [0.0, 0.0, 0.0, 1.0]], [[-0.07025562971830368, 0.9975290298461914, 0.0, 0.13923527300357819], [-0.0, -0.0, -1.0, -0.0], [-0.9975290298461914, -0.07025562971830368, -0.0, -2.0203230381011963], [0.0, 0.0, 0.0, 1.0]], [[-0.043146103620529175, 0.9990687370300293, 0.0, 0.19613106548786163], [-0.0, -0.0, -1.0, -0.0], [-0.9990687370300293, -0.043146103620529175, -0.0, -2.240854024887085], [0.0, 0.0, 0.0, 1.0]], [[-0.007522372994571924, 0.9999717473983765, 0.0, -0.005865428131073713], [-0.0, -0.0, -1.0, -0.0], [-0.9999717473983765, -0.007522372994571924, -0.0, -0.3433537185192108], [0.0, 0.0, 0.0, 1.0]], [[-0.021828673779964447, 0.9997617602348328, 0.0, -0.012379554100334644], [-0.0, -0.0, -1.0, -0.0], [-0.9997617602348328, -0.021828673779964447, -0.0, -0.6866540312767029], [0.0, 0.0, 0.0, 1.0]], [[-0.011976759880781174, 0.9999282360076904, 0.0, -0.003079429967328906], [-0.0, -0.0, -1.0, -0.0], [-0.9999282360076904, -0.011976759880781174, -0.0, -1.0301579236984253], [0.0, 0.0, 0.0, 1.0]], [[0.02230086550116539, 0.9997512698173523, 0.0, 0.03898656740784645], [-0.0, -0.0, -1.0, -0.0], [-0.9997512698173523, 0.02230086550116539, -0.0, -1.373000979423523], [0.0, 0.0, 0.0, 1.0]], [[0.05929162725806236, 0.9982407093048096, 0.0, 0.0943528413772583], [-0.0, -0.0, -1.0, -0.0], [-0.9982407093048096, 0.05929162725806236, -0.0, -1.5995091199874878], [0.0, 0.0, 0.0, 1.0]], [[0.1079937145113945, 0.9941515326499939, 0.0, 0.1783289909362793], [-0.0, -0.0, -1.0, -0.0], [-0.9941515326499939, 0.1079937145113945, -0.0, -1.821839690208435], [0.0, 0.0, 0.0, 1.0]], [[0.1683596968650818, 0.9857256412506104, 0.0, 0.2963108718395233], [-0.0, -0.0, -1.0, -0.0], [-0.9857256412506104, 0.1683596968650818, -0.0, -2.0363893508911133], [0.0, 0.0, 0.0, 1.0]], [[0.22047878801822662, 0.9753918051719666, 0.0, 0.40822044014930725], [-0.0, -0.0, -1.0, -0.0], [-0.9753918051719666, 0.22047878801822662, -0.0, -2.246638774871826], [0.0, 0.0, 0.0, 1.0]], [[-0.8529872298240662, 0.5219317674636841, -0.0, -0.006911208853125572], [-0.0, -0.0, -1.0, -0.0], [-0.5219317674636841, -0.8529872298240662, -0.0, -0.20295719802379608], [0.0, 0.0, 0.0, 1.0]], [[-0.8785482048988342, 0.4776536822319031, -0.0, -0.02202029526233673], [-0.0, -0.0, -1.0, -0.0], [-0.4776536822319031, -0.8785482048988342, -0.0, -0.4053801894187927], [0.0, 0.0, 0.0, 1.0]], [[-0.8922173380851746, 0.4516063630580902, -0.0, -0.03647167235612869], [-0.0, -0.0, -1.0, -0.0], [-0.4516063630580902, -0.8922173380851746, -0.0, -0.607653021812439], [0.0, 0.0, 0.0, 1.0]], [[-0.8956701755523682, 0.44471895694732666, -0.0, -0.04148594290018082], [-0.0, -0.0, -1.0, -0.0], [-0.44471895694732666, -0.8956701755523682, -0.0, -0.8104722499847412], [0.0, 0.0, 0.0, 1.0]], [[-0.8925652503967285, 0.4509182572364807, -0.0, -0.035232264548540115], [-0.0, -0.0, -1.0, -0.0], [-0.4509182572364807, -0.8925652503967285, -0.0, -0.9461514353752136], [0.0, 0.0, 0.0, 1.0]], [[-0.88492751121521, 0.46572887897491455, -0.0, -0.01816745288670063], [-0.0, -0.0, -1.0, -0.0], [-0.46572887897491455, -0.88492751121521, -0.0, -1.0820121765136719], [0.0, 0.0, 0.0, 1.0]], [[-0.8722830414772034, 0.4890013039112091, -0.0, 0.012454243376851082], [-0.0, -0.0, -1.0, -0.0], [-0.4890013039112091, -0.8722830414772034, -0.0, -1.2175084352493286], [0.0, 0.0, 0.0, 1.0]], [[-0.8592599034309387, 0.5115392804145813, -0.0, 0.045369599014520645], [-0.0, -0.0, -1.0, -0.0], [-0.5115392804145813, -0.8592599034309387, -0.0, -1.3521714210510254], [0.0, 0.0, 0.0, 1.0]], [[-0.9910046458244324, -0.13382752239704132, -0.0, -0.012982341460883617], [-0.0, -0.0, -1.0, -0.0], [0.13382752239704132, -0.9910046458244324, -0.0, -0.19344419240951538], [0.0, 0.0, 0.0, 1.0]], [[-0.966650128364563, -0.25610047578811646, -0.0, -0.04878978803753853], [-0.0, -0.0, -1.0, -0.0], [0.25610047578811646, -0.966650128364563, -0.0, -0.38386669754981995], [0.0, 0.0, 0.0, 1.0]], [[-0.9321133494377136, -0.3621666431427002, -0.0, -0.10179238021373749], [-0.0, -0.0, -1.0, -0.0], [0.3621666431427002, -0.9321133494377136, -0.0, -0.5696855783462524], [0.0, 0.0, 0.0, 1.0]], [[-0.8918305039405823, -0.45236971974372864, -0.0, -0.16684819757938385], [-0.0, -0.0, -1.0, -0.0], [0.45236971974372864, -0.8918305039405823, -0.0, -0.750586986541748], [0.0, 0.0, 0.0, 1.0]], [[-0.8632712960243225, -0.5047401785850525, -0.0, -0.21508942544460297], [-0.0, -0.0, -1.0, -0.0], [0.5047401785850525, -0.8632712960243225, -0.0, -0.8685814738273621], [0.0, 0.0, 0.0, 1.0]], [[-0.8339175581932068, -0.5518890023231506, -0.0, -0.2665117681026459], [-0.0, -0.0, -1.0, -0.0], [0.5518890023231506, -0.8339175581932068, -0.0, -0.9845882654190063], [0.0, 0.0, 0.0, 1.0]], [[-0.8039135932922363, -0.5947461128234863, -0.0, -0.3209783136844635], [-0.0, -0.0, -1.0, -0.0], [0.5947461128234863, -0.8039135932922363, -0.0, -1.0985976457595825], [0.0, 0.0, 0.0, 1.0]], [[-0.7808667421340942, -0.6246976256370544, -0.0, -0.3638792932033539], [-0.0, -0.0, -1.0, -0.0], [0.6246976256370544, -0.7808667421340942, -0.0, -1.215013861656189], [0.0, 0.0, 0.0, 1.0]], [[-0.5145370960235596, -0.8574681282043457, -0.0, -0.002376461634412408], [-0.0, -0.0, -1.0, -0.0], [0.8574681282043457, -0.5145370960235596, 0.0, -0.13058000802993774], [0.0, 0.0, 0.0, 1.0]], [[-0.4912582039833069, -0.8710139989852905, -0.0, -0.0074924286454916], [-0.0, -0.0, -1.0, -0.0], [0.8710139989852905, -0.4912582039833069, 0.0, -0.26106470823287964], [0.0, 0.0, 0.0, 1.0]], [[-0.4781356751918793, -0.8782860040664673, -0.0, -0.012229274027049541], [-0.0, -0.0, -1.0, -0.0], [0.8782860040664673, -0.4781356751918793, 0.0, -0.3915289342403412], [0.0, 0.0, 0.0, 1.0]], [[-0.4754187762737274, -0.8797596096992493, -0.0, -0.013482894748449326], [-0.0, -0.0, -1.0, -0.0], [0.8797596096992493, -0.4754187762737274, 0.0, -0.5220990180969238], [0.0, 0.0, 0.0, 1.0]], [[-0.479416161775589, -0.8775877356529236, -0.0, -0.010851955972611904], [-0.0, -0.0, -1.0, -0.0], [0.8775877356529236, -0.479416161775589, 0.0, -0.60922771692276], [0.0, 0.0, 0.0, 1.0]], [[-0.4880291223526001, -0.8728272914886475, -0.0, -0.004370035137981176], [-0.0, -0.0, -1.0, -0.0], [0.8728272914886475, -0.4880291223526001, 0.0, -0.6963765025138855], [0.0, 0.0, 0.0, 1.0]], [[-0.5011852383613586, -0.8653400540351868, -0.0, 0.006888226140290499], [-0.0, -0.0, -1.0, -0.0], [0.8653400540351868, -0.5011852383613586, 0.0, -0.7834323048591614], [0.0, 0.0, 0.0, 1.0]], [[-0.5138174891471863, -0.8578994870185852, -0.0, 0.018817489966750145], [-0.0, -0.0, -1.0, -0.0], [0.8578994870185852, -0.5138174891471863, 0.0, -0.8703176975250244], [0.0, 0.0, 0.0, 1.0]]], "intrinsics": [[[240.17770385742188, 0.0, 416.0], [0.0, 240.0, 240.0], [0.0, 0.0, 1.0]], [[240.17770385742188, 0.0, 416.0], [0.0, 240.0, 240.0], [0.0, 0.0, 1.0]], [[240.17770385742188, 0.0, 416.0], [0.0, 240.0, 240.0], [0.0, 0.0, 1.0]], [[240.17770385742188, 0.0, 416.0], [0.0, 240.0, 240.0], [0.0, 0.0, 1.0]], [[240.17770385742188, 0.0, 416.0], [0.0, 240.0, 240.0], [0.0, 0.0, 1.0]], [[240.17770385742188, 0.0, 416.0], [0.0, 240.0, 240.0], [0.0, 0.0, 1.0]], [[240.17770385742188, 0.0, 416.0], [0.0, 240.0, 240.0], [0.0, 0.0, 1.0]], [[240.17770385742188, 0.0, 416.0], [0.0, 240.0, 240.0], [0.0, 0.0, 1.0]], [[240.17770385742188, 0.0, 416.0], [0.0, 240.0, 240.0], [0.0, 0.0, 1.0]], [[240.17770385742188, 0.0, 416.0], [0.0, 240.0, 240.0], [0.0, 0.0, 1.0]], [[240.17770385742188, 0.0, 416.0], [0.0, 240.0, 240.0], [0.0, 0.0, 1.0]], [[240.17770385742188, 0.0, 416.0], [0.0, 240.0, 240.0], [0.0, 0.0, 1.0]], [[240.17770385742188, 0.0, 416.0], [0.0, 240.0, 240.0], [0.0, 0.0, 1.0]], [[240.17770385742188, 0.0, 416.0], [0.0, 240.0, 240.0], [0.0, 0.0, 1.0]], [[240.17770385742188, 0.0, 416.0], [0.0, 240.0, 240.0], [0.0, 0.0, 1.0]], [[240.17770385742188, 0.0, 416.0], [0.0, 240.0, 240.0], [0.0, 0.0, 1.0]], [[240.17770385742188, 0.0, 416.0], [0.0, 240.0, 240.0], [0.0, 0.0, 1.0]], [[240.17770385742188, 0.0, 416.0], [0.0, 240.0, 240.0], [0.0, 0.0, 1.0]], [[240.17770385742188, 0.0, 416.0], [0.0, 240.0, 240.0], [0.0, 0.0, 1.0]], [[240.17770385742188, 0.0, 416.0], [0.0, 240.0, 240.0], [0.0, 0.0, 1.0]], [[240.17770385742188, 0.0, 416.0], [0.0, 240.0, 240.0], [0.0, 0.0, 1.0]], [[240.17770385742188, 0.0, 416.0], [0.0, 240.0, 240.0], [0.0, 0.0, 1.0]], [[240.17770385742188, 0.0, 416.0], [0.0, 240.0, 240.0], [0.0, 0.0, 1.0]], [[240.17770385742188, 0.0, 416.0], [0.0, 240.0, 240.0], [0.0, 0.0, 1.0]], [[240.17770385742188, 0.0, 416.0], [0.0, 240.0, 240.0], [0.0, 0.0, 1.0]], [[240.17770385742188, 0.0, 416.0], [0.0, 240.0, 240.0], [0.0, 0.0, 1.0]], [[240.17770385742188, 0.0, 416.0], [0.0, 240.0, 240.0], [0.0, 0.0, 1.0]], [[240.17771911621094, 0.0, 416.0], [0.0, 240.0, 240.0], [0.0, 0.0, 1.0]], [[240.17771911621094, 0.0, 416.0], [0.0, 240.0, 240.0], [0.0, 0.0, 1.0]], [[240.17771911621094, 0.0, 416.0], [0.0, 240.0, 240.0], [0.0, 0.0, 1.0]], [[240.17771911621094, 0.0, 416.0], [0.0, 240.0, 240.0], [0.0, 0.0, 1.0]], [[240.17771911621094, 0.0, 416.0], [0.0, 240.0, 240.0], [0.0, 0.0, 1.0]], [[240.17771911621094, 0.0, 416.0], [0.0, 240.0, 240.0], [0.0, 0.0, 1.0]], [[240.17771911621094, 0.0, 416.0], [0.0, 240.0, 240.0], [0.0, 0.0, 1.0]], [[240.17771911621094, 0.0, 416.0], [0.0, 240.0, 240.0], [0.0, 0.0, 1.0]], [[240.17771911621094, 0.0, 416.0], [0.0, 240.0, 240.0], [0.0, 0.0, 1.0]], [[240.17771911621094, 0.0, 416.0], [0.0, 240.0, 240.0], [0.0, 0.0, 1.0]], [[240.17771911621094, 0.0, 416.0], [0.0, 240.0, 240.0], [0.0, 0.0, 1.0]], [[240.17771911621094, 0.0, 416.0], [0.0, 240.0, 240.0], [0.0, 0.0, 1.0]], [[240.17771911621094, 0.0, 416.0], [0.0, 240.0, 240.0], [0.0, 0.0, 1.0]], [[240.17771911621094, 0.0, 416.0], [0.0, 240.0, 240.0], [0.0, 0.0, 1.0]], [[240.17771911621094, 0.0, 416.0], [0.0, 240.0, 240.0], [0.0, 0.0, 1.0]], [[240.17771911621094, 0.0, 416.0], [0.0, 240.0, 240.0], [0.0, 0.0, 1.0]], [[240.17771911621094, 0.0, 416.0], [0.0, 240.0, 240.0], [0.0, 0.0, 1.0]], [[240.17771911621094, 0.0, 416.0], [0.0, 240.0, 240.0], [0.0, 0.0, 1.0]], [[240.17771911621094, 0.0, 416.0], [0.0, 240.0, 240.0], [0.0, 0.0, 1.0]], [[240.17771911621094, 0.0, 416.0], [0.0, 240.0, 240.0], [0.0, 0.0, 1.0]], [[240.17771911621094, 0.0, 416.0], [0.0, 240.0, 240.0], [0.0, 0.0, 1.0]], [[240.17771911621094, 0.0, 416.0], [0.0, 240.0, 240.0], [0.0, 0.0, 1.0]], [[240.17771911621094, 0.0, 416.0], [0.0, 240.0, 240.0], [0.0, 0.0, 1.0]], [[240.17771911621094, 0.0, 416.0], [0.0, 240.0, 240.0], [0.0, 0.0, 1.0]], [[240.17771911621094, 0.0, 416.0], [0.0, 240.0, 240.0], [0.0, 0.0, 1.0]], [[240.17771911621094, 0.0, 416.0], [0.0, 240.0, 240.0], [0.0, 0.0, 1.0]], [[240.17771911621094, 0.0, 416.0], [0.0, 240.0, 240.0], [0.0, 0.0, 1.0]], [[240.17771911621094, 0.0, 416.0], [0.0, 240.0, 240.0], [0.0, 0.0, 1.0]], [[240.17771911621094, 0.0, 416.0], [0.0, 240.0, 240.0], [0.0, 0.0, 1.0]], [[240.17771911621094, 0.0, 416.0], [0.0, 240.0, 240.0], [0.0, 0.0, 1.0]], [[240.17771911621094, 0.0, 416.0], [0.0, 240.0, 240.0], [0.0, 0.0, 1.0]], [[240.17771911621094, 0.0, 416.0], [0.0, 240.0, 240.0], [0.0, 0.0, 1.0]], [[240.17771911621094, 0.0, 416.0], [0.0, 240.0, 240.0], [0.0, 0.0, 1.0]], [[240.17771911621094, 0.0, 416.0], [0.0, 240.0, 240.0], [0.0, 0.0, 1.0]], [[240.17771911621094, 0.0, 416.0], [0.0, 240.0, 240.0], [0.0, 0.0, 1.0]], [[240.17771911621094, 0.0, 416.0], [0.0, 240.0, 240.0], [0.0, 0.0, 1.0]], [[240.17771911621094, 0.0, 416.0], [0.0, 240.0, 240.0], [0.0, 0.0, 1.0]], [[240.17771911621094, 0.0, 416.0], [0.0, 240.0, 240.0], [0.0, 0.0, 1.0]], [[240.17771911621094, 0.0, 416.0], [0.0, 240.0, 240.0], [0.0, 0.0, 1.0]], [[240.17771911621094, 0.0, 416.0], [0.0, 240.0, 240.0], [0.0, 0.0, 1.0]]]}